c Saida referente ao arquivo de entrada < grande.stp >.
c Algoritmo utilizado: Algoritmo de Kruskal
c Nodes = 1000
c Edges = 999
q sp 1000 999
E 375 226 1
E 621 107 1
E 990 980 1
E 958 456 1
E 521 456 1
E 940 456 1
E 552 107 1
E 826 107 1
E 196 107 1
E 954 107 1
E 793 107 1
E 308 226 1
E 850 455 1
E 496 454 1
E 994 227 1
E 693 454 1
E 603 454 1
E 532 108 1
E 646 225 1
E 627 227 1
E 429 225 1
E 444 225 1
E 979 971 1
E 931 107 1
E 474 454 1
E 971 967 1
E 212 1 1
E 672 457 1
E 695 457 1
E 799 227 1
E 994 965 1
E 967 961 1
E 833 227 1
E 112 108 1
E 773 454 1
E 583 225 1
E 879 458 1
E 978 951 1
E 460 108 1
E 418 108 1
E 814 225 1
E 781 108 1
E 305 1 1
E 215 1 1
E 974 948 1
E 744 227 1
E 538 106 1
E 930 227 1
E 164 1 1
E 981 106 1
E 489 458 1
E 912 106 1
E 630 1 1
E 557 459 1
E 607 225 1
E 448 227 1
E 914 459 1
E 945 944 1
E 533 460 1
E 288 2 1
E 602 452 1
E 997 940 1
E 515 2 1
E 145 2 1
E 889 452 1
E 714 452 1
E 865 452 1
E 974 109 1
E 532 106 1
E 395 109 1
E 940 225 1
E 938 105 1
E 804 109 1
E 948 936 1
E 728 461 1
E 994 935 1
E 960 934 1
E 766 225 1
E 687 228 1
E 849 228 1
E 503 461 1
E 730 224 1
E 839 462 1
E 902 105 1
E 974 450 1
E 841 462 1
E 967 929 1
E 965 928 1
E 116 105 1
E 968 926 1
E 580 449 1
E 754 462 1
E 635 105 1
E 749 224 1
E 844 463 1
E 192 105 1
E 183 105 1
E 276 229 1
E 555 449 1
E 954 105 1
E 753 463 1
E 716 463 1
E 492 2 1
E 955 224 1
E 988 921 1
E 946 919 1
E 914 463 1
E 468 229 1
E 493 463 1
E 271 3 1
E 182 105 1
E 515 224 1
E 650 463 1
E 384 224 1
E 386 230 1
E 791 464 1
E 680 230 1
E 281 230 1
E 865 223 1
E 111 3 1
E 969 914 1
E 603 448 1
E 918 464 1
E 972 448 1
E 372 105 1
E 1000 464 1
E 865 447 1
E 652 447 1
E 917 910 1
E 491 465 1
E 953 910 1
E 643 110 1
E 800 110 1
E 734 230 1
E 564 466 1
E 800 230 1
E 933 907 1
E 686 110 1
E 810 447 1
E 920 907 1
E 154 104 1
E 611 230 1
E 769 446 1
E 676 3 1
E 993 907 1
E 995 906 1
E 923 906 1
E 576 231 1
E 599 466 1
E 567 3 1
E 282 223 1
E 684 466 1
E 996 446 1
E 743 223 1
E 556 466 1
E 424 223 1
E 480 110 1
E 759 467 1
E 914 902 1
E 888 231 1
E 686 231 1
E 969 231 1
E 606 111 1
E 427 4 1
E 559 467 1
E 341 104 1
E 900 896 1
E 541 467 1
E 474 111 1
E 582 468 1
E 815 468 1
E 632 468 1
E 506 468 1
E 672 222 1
E 904 222 1
E 652 469 1
E 384 231 1
E 596 222 1
E 898 894 1
E 640 469 1
E 736 231 1
E 832 444 1
E 936 892 1
E 446 4 1
E 838 470 1
E 670 444 1
E 495 444 1
E 658 470 1
E 864 4 1
E 806 470 1
E 952 891 1
E 928 891 1
E 981 444 1
E 345 232 1
E 945 444 1
E 934 890 1
E 747 470 1
E 760 103 1
E 255 111 1
E 735 222 1
E 405 232 1
E 919 888 1
E 596 471 1
E 383 232 1
E 524 233 1
E 912 888 1
E 854 472 1
E 844 443 1
E 935 443 1
E 297 233 1
E 946 886 1
E 345 5 1
E 811 233 1
E 277 233 1
E 614 443 1
E 994 442 1
E 727 233 1
E 911 883 1
E 772 442 1
E 354 233 1
E 282 221 1
E 775 234 1
E 371 234 1
E 536 442 1
E 948 881 1
E 965 880 1
E 787 442 1
E 895 879 1
E 938 472 1
E 593 221 1
E 864 221 1
E 158 102 1
E 491 442 1
E 382 221 1
E 693 102 1
E 705 441 1
E 254 102 1
E 906 441 1
E 236 235 1
E 687 235 1
E 897 235 1
E 461 102 1
E 643 441 1
E 773 235 1
E 658 473 1
E 530 220 1
E 993 874 1
E 775 441 1
E 483 440 1
E 996 874 1
E 904 874 1
E 971 220 1
E 947 236 1
E 750 474 1
E 908 871 1
E 724 6 1
E 920 474 1
E 867 474 1
E 268 101 1
E 789 474 1
E 358 236 1
E 313 113 1
E 872 474 1
E 982 870 1
E 906 869 1
E 683 101 1
E 770 439 1
E 479 236 1
E 856 6 1
E 877 474 1
E 896 438 1
E 495 438 1
E 909 220 1
E 396 113 1
E 306 113 1
E 764 101 1
E 136 114 1
E 903 219 1
E 980 100 1
E 916 864 1
E 913 237 1
E 963 100 1
E 877 437 1
E 429 6 1
E 193 114 1
E 632 100 1
E 413 237 1
E 786 237 1
E 632 237 1
E 957 860 1
E 879 475 1
E 526 6 1
E 921 114 1
E 671 475 1
E 916 859 1
E 501 100 1
E 646 475 1
E 665 100 1
E 396 219 1
E 677 436 1
E 956 857 1
E 356 7 1
E 661 237 1
E 854 219 1
E 457 7 1
E 680 476 1
E 450 436 1
E 760 476 1
E 974 476 1
E 658 436 1
E 277 238 1
E 331 238 1
E 962 854 1
E 951 854 1
E 545 218 1
E 844 477 1
E 834 100 1
E 637 436 1
E 526 238 1
E 828 477 1
E 906 850 1
E 883 477 1
E 853 115 1
E 274 239 1
E 499 7 1
E 395 218 1
E 808 7 1
E 862 849 1
E 654 435 1
E 913 849 1
E 762 239 1
E 557 435 1
E 706 115 1
E 424 239 1
E 712 239 1
E 762 478 1
E 544 478 1
E 841 115 1
E 913 847 1
E 689 217 1
E 584 435 1
E 957 846 1
E 746 217 1
E 889 240 1
E 831 217 1
E 474 115 1
E 917 217 1
E 991 845 1
E 295 115 1
E 435 8 1
E 966 434 1
E 534 115 1
E 751 240 1
E 861 217 1
E 924 844 1
E 531 241 1
E 566 479 1
E 581 217 1
E 531 115 1
E 710 241 1
E 721 8 1
E 504 8 1
E 926 480 1
E 512 434 1
E 170 99 1
E 813 433 1
E 813 480 1
E 273 217 1
E 939 480 1
E 860 480 1
E 227 216 1
E 698 481 1
E 568 99 1
E 407 116 1
E 262 116 1
E 341 241 1
E 659 99 1
E 239 99 1
E 985 433 1
E 451 116 1
E 912 98 1
E 695 9 1
E 529 433 1
E 706 432 1
E 821 481 1
E 298 216 1
E 642 481 1
E 266 216 1
E 361 216 1
E 198 116 1
E 704 432 1
E 592 216 1
E 484 216 1
E 645 432 1
E 668 482 1
E 15 9 1
E 759 215 1
E 364 9 1
E 960 98 1
E 608 117 1
E 155 98 1
E 686 431 1
E 899 98 1
E 942 431 1
E 48 9 1
E 973 482 1
E 266 117 1
E 882 482 1
E 988 215 1
E 562 10 1
E 717 117 1
E 805 117 1
E 260 215 1
E 834 830 1
E 585 431 1
E 209 97 1
E 92 10 1
E 569 483 1
E 835 829 1
E 799 215 1
E 312 117 1
E 577 244 1
E 715 244 1
E 835 827 1
E 977 827 1
E 727 483 1
E 461 430 1
E 887 827 1
E 934 827 1
E 729 117 1
E 922 430 1
E 874 10 1
E 855 430 1
E 700 485 1
E 915 118 1
E 225 118 1
E 858 485 1
E 673 429 1
E 661 244 1
E 488 245 1
E 893 485 1
E 866 823 1
E 333 118 1
E 564 215 1
E 781 96 1
E 995 823 1
E 515 245 1
E 845 486 1
E 950 486 1
E 662 429 1
E 348 96 1
E 917 486 1
E 733 486 1
E 967 486 1
E 347 96 1
E 733 96 1
E 726 487 1
E 337 245 1
E 979 487 1
E 435 11 1
E 609 245 1
E 545 214 1
E 543 429 1
E 752 487 1
E 802 119 1
E 840 487 1
E 675 488 1
E 605 428 1
E 883 818 1
E 895 119 1
E 995 817 1
E 308 11 1
E 487 246 1
E 456 428 1
E 511 119 1
E 518 428 1
E 812 427 1
E 587 246 1
E 182 95 1
E 964 816 1
E 739 427 1
E 663 246 1
E 573 427 1
E 868 246 1
E 928 426 1
E 954 213 1
E 943 815 1
E 537 120 1
E 791 120 1
E 716 490 1
E 422 247 1
E 989 814 1
E 318 247 1
E 706 120 1
E 966 120 1
E 776 12 1
E 530 425 1
E 864 248 1
E 353 94 1
E 964 813 1
E 725 491 1
E 578 94 1
E 925 120 1
E 497 248 1
E 597 491 1
E 757 424 1
E 330 120 1
E 647 492 1
E 206 12 1
E 416 94 1
E 690 94 1
E 708 249 1
E 552 12 1
E 523 94 1
E 579 12 1
E 351 249 1
E 949 492 1
E 794 249 1
E 835 809 1
E 552 249 1
E 509 250 1
E 700 424 1
E 843 492 1
E 983 492 1
E 584 250 1
E 828 807 1
E 334 13 1
E 765 250 1
E 102 94 1
E 758 493 1
E 849 13 1
E 471 121 1
E 502 423 1
E 646 211 1
E 512 423 1
E 420 13 1
E 411 250 1
E 267 250 1
E 822 13 1
E 403 250 1
E 571 121 1
E 908 805 1
E 506 494 1
E 385 93 1
E 609 422 1
E 326 93 1
E 608 251 1
E 536 93 1
E 798 495 1
E 126 93 1
E 605 14 1
E 908 801 1
E 852 421 1
E 900 421 1
E 711 421 1
E 376 210 1
E 401 210 1
E 610 122 1
E 975 800 1
E 498 210 1
E 498 122 1
E 898 799 1
E 998 122 1
E 976 92 1
E 549 496 1
E 661 419 1
E 589 496 1
E 740 418 1
E 553 92 1
E 898 123 1
E 799 797 1
E 971 796 1
E 448 252 1
E 688 210 1
E 724 91 1
E 520 498 1
E 685 417 1
E 943 417 1
E 984 417 1
E 555 15 1
E 854 795 1
E 163 91 1
E 275 210 1
E 631 416 1
E 484 210 1
E 149 15 1
E 265 253 1
E 598 416 1
E 957 792 1
E 873 253 1
E 824 210 1
E 878 253 1
E 23 15 1
E 869 124 1
E 563 209 1
E 660 209 1
E 339 91 1
E 369 90 1
E 883 209 1
E 526 415 1
E 776 90 1
E 762 125 1
E 857 209 1
E 943 500 1
E 468 16 1
E 527 500 1
E 510 414 1
E 530 414 1
E 788 254 1
E 806 785 1
E 667 414 1
E 681 254 1
E 264 254 1
E 995 784 1
E 378 16 1
E 861 783 1
E 282 208 1
E 319 125 1
E 257 208 1
E 790 501 1
E 322 208 1
E 799 782 1
E 745 501 1
E 699 16 1
E 619 208 1
E 870 781 1
E 105 17 1
E 296 208 1
E 284 125 1
E 185 89 1
E 542 413 1
E 594 502 1
E 233 89 1
E 1000 780 1
E 450 412 1
E 344 208 1
E 732 502 1
E 696 412 1
E 899 779 1
E 784 256 1
E 167 89 1
E 272 17 1
E 402 126 1
E 761 207 1
E 882 411 1
E 687 207 1
E 710 18 1
E 338 126 1
E 558 504 1
E 471 88 1
E 248 127 1
E 908 774 1
E 445 409 1
E 636 207 1
E 474 409 1
E 692 505 1
E 398 127 1
E 900 505 1
E 777 774 1
E 932 127 1
E 512 408 1
E 656 127 1
E 554 127 1
E 829 507 1
E 490 87 1
E 568 406 1
E 781 128 1
E 394 257 1
E 999 770 1
E 921 770 1
E 197 87 1
E 329 257 1
E 741 257 1
E 393 257 1
E 909 508 1
E 780 768 1
E 634 206 1
E 624 406 1
E 755 405 1
E 756 510 1
E 373 258 1
E 583 405 1
E 516 19 1
E 855 258 1
E 842 765 1
E 488 205 1
E 540 86 1
E 766 764 1
E 443 259 1
E 791 404 1
E 943 763 1
E 549 19 1
E 323 205 1
E 586 19 1
E 275 129 1
E 837 205 1
E 664 205 1
E 573 86 1
E 549 20 1
E 901 205 1
E 153 129 1
E 778 511 1
E 194 20 1
E 767 759 1
E 941 129 1
E 219 204 1
E 595 513 1
E 771 513 1
E 702 402 1
E 799 85 1
E 622 20 1
E 734 130 1
E 878 757 1
E 606 21 1
E 626 85 1
E 355 260 1
E 672 514 1
E 316 204 1
E 875 754 1
E 658 261 1
E 525 21 1
E 550 85 1
E 278 131 1
E 735 84 1
E 508 131 1
E 514 203 1
E 575 21 1
E 722 262 1
E 287 21 1
E 617 203 1
E 325 262 1
E 908 263 1
E 874 748 1
E 568 400 1
E 271 202 1
E 894 399 1
E 966 517 1
E 845 22 1
E 885 745 1
E 555 83 1
E 855 201 1
E 522 83 1
E 180 131 1
E 970 398 1
E 352 132 1
E 590 398 1
E 299 132 1
E 677 132 1
E 150 83 1
E 834 742 1
E 605 519 1
E 755 397 1
E 189 132 1
E 535 521 1
E 975 200 1
E 794 82 1
E 294 23 1
E 992 133 1
E 478 133 1
E 577 81 1
E 951 738 1
E 238 24 1
E 510 134 1
E 937 524 1
E 699 269 1
E 745 199 1
E 279 269 1
E 770 737 1
E 468 80 1
E 561 526 1
E 612 393 1
E 467 270 1
E 565 527 1
E 646 392 1
E 955 25 1
E 860 391 1
E 155 135 1
E 898 390 1
E 314 272 1
E 763 731 1
E 540 528 1
E 625 25 1
E 713 272 1
E 180 79 1
E 657 389 1
E 387 79 1
E 600 136 1
E 820 529 1
E 518 389 1
E 39 26 1
E 694 530 1
E 376 26 1
E 445 388 1
E 176 136 1
E 572 274 1
E 987 387 1
E 574 136 1
E 126 78 1
E 863 531 1
E 302 196 1
E 178 78 1
E 408 195 1
E 633 387 1
E 806 723 1
E 819 722 1
E 332 195 1
E 381 78 1
E 651 27 1
E 996 137 1
E 147 137 1
E 950 720 1
E 905 720 1
E 713 27 1
E 884 137 1
E 463 77 1
E 927 534 1
E 638 194 1
E 588 535 1
E 814 719 1
E 629 536 1
E 582 76 1
E 523 28 1
E 955 138 1
E 304 193 1
E 380 278 1
E 374 28 1
E 876 713 1
E 959 76 1
E 822 280 1
E 368 138 1
E 637 75 1
E 570 539 1
E 547 280 1
E 986 192 1
E 773 139 1
E 309 281 1
E 695 191 1
E 163 29 1
E 653 139 1
E 990 709 1
E 410 191 1
E 357 75 1
E 554 140 1
E 831 379 1
E 994 707 1
E 604 543 1
E 758 283 1
E 669 543 1
E 641 543 1
E 360 30 1
E 694 30 1
E 660 377 1
E 262 74 1
E 42 30 1
E 608 190 1
E 837 73 1
E 715 31 1
E 814 701 1
E 405 188 1
E 815 546 1
E 817 286 1
E 679 188 1
E 508 72 1
E 732 142 1
E 698 31 1
E 969 187 1
E 768 548 1
E 942 32 1
E 367 72 1
E 165 32 1
E 799 697 1
E 342 72 1
E 616 372 1
E 338 71 1
E 819 143 1
E 311 143 1
E 430 289 1
E 727 186 1
E 242 71 1
E 651 370 1
E 485 33 1
E 629 290 1
E 749 291 1
E 369 70 1
E 712 144 1
E 601 33 1
E 363 70 1
E 703 692 1
E 891 691 1
E 350 291 1
E 617 34 1
E 394 292 1
E 203 69 1
E 549 293 1
E 859 366 1
E 308 184 1
E 357 35 1
E 567 365 1
E 546 146 1
E 873 68 1
E 980 682 1
E 569 560 1
E 817 36 1
E 323 67 1
E 674 563 1
E 793 678 1
E 524 362 1
E 301 36 1
E 983 37 1
E 588 148 1
E 848 564 1
E 411 66 1
E 267 181 1
E 644 148 1
E 747 38 1
E 650 300 1
E 161 65 1
E 244 65 1
E 363 179 1
E 317 149 1
E 691 666 1
E 177 39 1
E 965 303 1
E 650 570 1
E 163 64 1
E 406 40 1
E 648 177 1
E 235 151 1
E 803 659 1
E 837 63 1
E 753 307 1
E 349 308 1
E 620 575 1
E 788 41 1
E 343 176 1
E 509 152 1
E 855 655 1
E 328 42 1
E 871 175 1
E 618 62 1
E 580 310 1
E 335 310 1
E 959 174 1
E 173 153 1
E 443 62 1
E 655 649 1
E 383 61 1
E 613 173 1
E 172 153 1
E 247 43 1
E 672 60 1
E 975 44 1
E 419 315 1
E 942 59 1
E 465 171 1
E 52 45 1
E 644 346 1
E 706 45 1
E 718 45 1
E 201 46 1
E 792 156 1
E 906 591 1
E 403 58 1
E 159 46 1
E 240 157 1
E 57 47 1
E 97 47 1
E 487 320 1
E 440 169 1
E 383 321 1
E 279 168 1
E 453 342 1
E 336 48 1
E 851 629 1
E 54 48 1
E 709 628 1
E 648 56 1
E 573 324 1
E 232 49 1
E 363 340 1
E 298 55 1
E 697 166 1
E 580 327 1
E 753 50 1
E 914 623 1
E 600 160 1
E 836 50 1
E 167 51 1
E 693 53 1
E 510 162 1
E 657 615 1
E 771 611 1
E 551 331 2
E 141 51 2
E 359 45 2
E 794 639 2
E 351 285 2
E 825 83 2
E 243 129 2
E 1 1 0
